#     t_0 (HJD)       u_0    t_E (d)     rho 
# 2458310.77700  0.006689    15.8860 0.00010 
# 
# Data are perfect.
2.458309188399999868e+06 1.454019992976952835e+01 5.428681023790647014e-02
2.458309199026086833e+06 1.453319838523787411e+01 5.428681023790648402e-02
2.458309209652173799e+06 1.452614797148577530e+01 5.428681023790648402e-02
2.458309220278260764e+06 1.451904803639958175e+01 5.428681023790647014e-02
2.458309230904347729e+06 1.451189791472023494e+01 5.428681023790647014e-02
2.458309241530434694e+06 1.450469692768923125e+01 5.428681023790647014e-02
2.458309252156521659e+06 1.449744438268264268e+01 5.428681023790648402e-02
2.458309262782608625e+06 1.449013957283271381e+01 5.428681023790648402e-02
2.458309273408695590e+06 1.448278177663654098e+01 5.428681023790647014e-02
2.458309284034782555e+06 1.447537013009273821e+01 5.428681023790647014e-02
2.458309294660869520e+06 1.446790413426862187e+01 5.428681023790647014e-02
2.458309305286956485e+06 1.446038289562016388e+01 5.428681023790647014e-02
2.458309315913043451e+06 1.445280562991188589e+01 5.428681023790647014e-02
2.458309326539130416e+06 1.444517153610314786e+01 5.428681023790647014e-02
2.458309337165217381e+06 1.443747979586721897e+01 5.428681023790647014e-02
2.458309347791304346e+06 1.442972957309310367e+01 5.428681023790647014e-02
2.458309358417391311e+06 1.442192001336940521e+01 5.428681023790648402e-02
2.458309369043478277e+06 1.441405024344947350e+01 5.428681023790648402e-02
2.458309379669565242e+06 1.440611937069697035e+01 5.428681023790647014e-02
2.458309390295652207e+06 1.439812648251103866e+01 5.428681023790647014e-02
2.458309400921739172e+06 1.439007064573014816e+01 5.428681023790647014e-02
2.458309411547826137e+06 1.438195090601368165e+01 5.428681023790647014e-02
2.458309422173913103e+06 1.437376628720025806e+01 5.428681023790647014e-02
2.458309432800000068e+06 1.436551579064174433e+01 5.428681023790648402e-02
2.458309443426087033e+06 1.435719839451184754e+01 5.428681023790647014e-02
2.458309454052173533e+06 1.434881305345709279e+01 5.428681023790647014e-02
2.458309464678260498e+06 1.434035869637821392e+01 5.428681023790647014e-02
2.458309475304347463e+06 1.433183422785997507e+01 5.428681023790647014e-02
2.458309485930434428e+06 1.432323852589899893e+01 5.428681023790647014e-02
2.458309496556521393e+06 1.431457044143248680e+01 5.428681023790647014e-02
2.458309507182608359e+06 1.430582879746756930e+01 5.428681023790647014e-02
2.458309517808695324e+06 1.429701238817565034e+01 5.428681023790647014e-02
2.458309528434782289e+06 1.428811997795004274e+01 5.428681023790647014e-02
2.458309539060869254e+06 1.427915030042515454e+01 5.428681023790647014e-02
2.458309549686956219e+06 1.427010205745528104e+01 5.428681023790647014e-02
2.458309560313043185e+06 1.426097391805108927e+01 5.428681023790647014e-02
2.458309570939130150e+06 1.425176451727161009e+01 5.428681023790647014e-02
2.458309581565217115e+06 1.424247245506958492e+01 5.428681023790647014e-02
2.458309592191304080e+06 1.423309629508776197e+01 5.428681023790647014e-02
2.458309602817391045e+06 1.422363456340367271e+01 5.428681023790647014e-02
2.458309613443478011e+06 1.421408574722024376e+01 5.428681023790647014e-02
2.458309624069564976e+06 1.420444829349944449e+01 5.428681023790647014e-02
2.458309634695651941e+06 1.419472060753600573e+01 5.428681023790647014e-02
2.458309645321738906e+06 1.418490105146807068e+01 5.428681023790647014e-02
2.458309655947825871e+06 1.417498794272142781e+01 5.428681023790647014e-02
2.458309666573912837e+06 1.416497955238379802e+01 5.428681023790647014e-02
2.458309677199999802e+06 1.415487410350541353e+01 5.428681023790647014e-02
2.458309687826086767e+06 1.414466976932189546e+01 5.428681023790647014e-02
2.458309698452173732e+06 1.413436467139517028e+01 5.428681023790647014e-02
2.458309709078260697e+06 1.412395687766793095e+01 5.428681023790647014e-02
2.458309719704347663e+06 1.411344440042683068e+01 5.428681023790647014e-02
2.458309730330434628e+06 1.410282519416929325e+01 5.428681023790647014e-02
2.458309740956521593e+06 1.409209715336851154e+01 5.428681023790647014e-02
2.458309751582608558e+06 1.408125811013082185e+01 5.428681023790647014e-02
2.458309762208695523e+06 1.407030583173928306e+01 5.428681023790647014e-02
2.458309772834782489e+06 1.405923801807685969e+01 5.428681023790647014e-02
2.458309783460869454e+06 1.404805229892220453e+01 5.428681023790647014e-02
2.458309794086956419e+06 1.403674623111048803e+01 5.428681023790647014e-02
2.458309804713043384e+06 1.402531729555132145e+01 5.428681023790647014e-02
2.458309815339130349e+06 1.401376289409515508e+01 5.428681023790647014e-02
2.458309825965217315e+06 1.400208034623902442e+01 5.428681023790647014e-02
2.458309836591304280e+06 1.399026688566185683e+01 5.428681023790647014e-02
2.458309847217391245e+06 1.397831965657883657e+01 5.428681023790647014e-02
2.458309857843478210e+06 1.396623570990363739e+01 5.428681023790647014e-02
2.458309868469565175e+06 1.395401199920648949e+01 5.428681023790648402e-02
2.458309879095652141e+06 1.394164537645520241e+01 5.428681023790647014e-02
2.458309889721739106e+06 1.392913258752535732e+01 5.428681023790647014e-02
2.458309900347826071e+06 1.391647026746480265e+01 5.428681023790647014e-02
2.458309910973913036e+06 1.390365493549661302e+01 5.428681023790647014e-02
2.458309921600000001e+06 1.389068298974339655e+01 5.428681023790647014e-02
2.458309932226086967e+06 1.387755070165460936e+01 5.428681023790647014e-02
2.458309942852173932e+06 1.386425421011716352e+01 5.428681023790647014e-02
2.458309953478260897e+06 1.385078951522811153e+01 5.428681023790647014e-02
2.458309964104347862e+06 1.383715247170659879e+01 5.428681023790647014e-02
2.458309974730434828e+06 1.382333878192050136e+01 5.428681023790647014e-02
2.458309985356521327e+06 1.380934398911863070e+01 5.428681023790647014e-02
2.458309995982608292e+06 1.379516346714432729e+01 5.428681023790647014e-02
2.458310006608695257e+06 1.378079241581852799e+01 5.428681023790647014e-02
2.458310017234782223e+06 1.376622584969436502e+01 5.428681023790647014e-02
2.458310027860869188e+06 1.375145858932623177e+01 5.428681023790647014e-02
2.458310038486956153e+06 1.373648525135121368e+01 5.428681023790648402e-02
2.458310049113043118e+06 1.372130023795063636e+01 5.428681023790647014e-02
2.458310059739130083e+06 1.370589772564679976e+01 5.428681023790647014e-02
2.458310070365217049e+06 1.369027165338650676e+01 5.428681023790647014e-02
2.458310080991304014e+06 1.367441570985902644e+01 5.428681023790647014e-02
2.458310091617390979e+06 1.365832331999208549e+01 5.428681023790647014e-02
2.458310102243477944e+06 1.364198763056489128e+01 5.428681023790647014e-02
2.458310112869564909e+06 1.362540149487243646e+01 5.428681023790647014e-02
2.458310123495651875e+06 1.360855745637008241e+01 5.428681023790647014e-02
2.458310134121738840e+06 1.359144773122189065e+01 5.428681023790647014e-02
2.458310144747825805e+06 1.357406418967023853e+01 5.428681023790647014e-02
2.458310155373912770e+06 1.355639833613786571e+01 5.428681023790647014e-02
2.458310165999999736e+06 1.353844128796686164e+01 5.428681023790647014e-02
2.458310176626086701e+06 1.352018375269201478e+01 5.428681023790647014e-02
2.458310187252173666e+06 1.350161600373852977e+01 5.428681023790647014e-02
2.458310197878260631e+06 1.348272785442654609e+01 5.428681023790647014e-02
2.458310208504347596e+06 1.346350863015700128e+01 5.428681023790647014e-02
2.458310219130434562e+06 1.344394713864563862e+01 5.428681023790647014e-02
2.458310229756521527e+06 1.342403163806417865e+01 5.428681023790647014e-02
2.458310240382608492e+06 1.340374980294044605e+01 5.428681023790647014e-02
2.458310251008695457e+06 1.338308868766280746e+01 5.428681023790647014e-02
2.458310261634782422e+06 1.336203468742894174e+01 5.428681023790647014e-02
2.458310272260869388e+06 1.334057349647577695e+01 5.428681023790647014e-02
2.458310282886956353e+06 1.331869006342682482e+01 5.428681023790647014e-02
2.458310293513043318e+06 1.329636854359665854e+01 5.428681023790647014e-02
2.458310304139130283e+06 1.327359224810116878e+01 5.428681023790647014e-02
2.458310314765217248e+06 1.325034358963876002e+01 5.428681023790647014e-02
2.458310325391304214e+06 1.322660402483432307e+01 5.428681023790647014e-02
2.458310336017391179e+06 1.320235399307837731e+01 5.428681023790648402e-02
2.458310346643478144e+06 1.317757285185282790e+01 5.428681023790647014e-02
2.458310357269565109e+06 1.315223880861850958e+01 5.428681023790647014e-02
2.458310367895652074e+06 1.312632884945650957e+01 5.428681023790647014e-02
2.458310378521739040e+06 1.309981866481583701e+01 5.428681023790647014e-02
2.458310389147826005e+06 1.307268257293894820e+01 5.428681023790647014e-02
2.458310399773912970e+06 1.304489344183304311e+01 5.428681023790647014e-02
2.458310410399999935e+06 1.301642261105432752e+01 5.428681023790648402e-02
2.458310421026086900e+06 1.298723981510863013e+01 5.428681023790647014e-02
2.458310431652173866e+06 1.295731311098995775e+01 5.428681023790647014e-02
2.458310442278260831e+06 1.292660881333927136e+01 5.428681023790647014e-02
2.458310452904347796e+06 1.289509144198975932e+01 5.428681023790647014e-02
2.458310463530434761e+06 1.286272368838055868e+01 5.428681023790648402e-02
2.458310474156521726e+06 1.282946640961358575e+01 5.428681023790647014e-02
2.458310484782608692e+06 1.279527866199286557e+01 5.428681023790647014e-02
2.458310495408695657e+06 1.276011778998452328e+01 5.428681023790647014e-02
2.458310506034782622e+06 1.272393959201948022e+01 5.428681023790647014e-02
2.458310516660869122e+06 1.268669859355559204e+01 5.428681023790647014e-02
2.458310527286956087e+06 1.264834845609323644e+01 5.428681023790647014e-02
2.458310537913043052e+06 1.260884259844524635e+01 5.428681023790647014e-02
2.458310548539130017e+06 1.256813506685636028e+01 5.428681023790647014e-02
2.458310559165216982e+06 1.252618177085575901e+01 5.428681023790647014e-02
2.458310569791303948e+06 1.248294219850303222e+01 5.428681023790647014e-02
2.458310580417390913e+06 1.243838177643257836e+01 5.428681023790648402e-02
2.458310591043477878e+06 1.239247509085216592e+01 5.428681023790647014e-02
2.458310601669564843e+06 1.234521025208203326e+01 5.428681023790647014e-02
2.458310612295651808e+06 1.229659476685191777e+01 5.428681023790647014e-02
2.458310622921738774e+06 1.224666337770247182e+01 5.428681023790648402e-02
2.458310633547825739e+06 1.219548842946317890e+01 5.428681023790647014e-02
2.458310644173912704e+06 1.214319340834352090e+01 5.428681023790647014e-02
2.458310654799999669e+06 1.208997032604542987e+01 5.428681023790647014e-02
2.458310665426086634e+06 1.203610150665873135e+01 5.428681023790647014e-02
2.458310676052173600e+06 1.198198593480713114e+01 5.428681023790647014e-02
2.458310686678260565e+06 1.192816941715566870e+01 5.428681023790647014e-02
2.458310697304347530e+06 1.187537610037420777e+01 5.428681023790647014e-02
2.458310707930434495e+06 1.182453609183717447e+01 5.428681023790647014e-02
2.458310718556521460e+06 1.177680001959921618e+01 5.428681023790647014e-02
2.458310729182608426e+06 1.173352707909733184e+01 5.428681023790647014e-02
2.458310739808695391e+06 1.169623059883782368e+01 5.428681023790648402e-02
2.458310750434782356e+06 1.166646823653731957e+01 5.428681023790647014e-02
2.458310761060869321e+06 1.164567668152323421e+01 5.428681023790647014e-02
2.458310771686956286e+06 1.163497352411326347e+01 5.428681023790647014e-02
2.458310782313043252e+06 1.163497352411326347e+01 5.428681023790647014e-02
2.458310792939130217e+06 1.164567668152323421e+01 5.428681023790647014e-02
2.458310803565217182e+06 1.166646823653731957e+01 5.428681023790647014e-02
2.458310814191304147e+06 1.169623059883782368e+01 5.428681023790648402e-02
2.458310824817391112e+06 1.173352707909733184e+01 5.428681023790647014e-02
2.458310835443478078e+06 1.177680001959921618e+01 5.428681023790647014e-02
2.458310846069565043e+06 1.182453609183717447e+01 5.428681023790647014e-02
2.458310856695652008e+06 1.187537610037420777e+01 5.428681023790647014e-02
2.458310867321738973e+06 1.192816941715566870e+01 5.428681023790647014e-02
2.458310877947825938e+06 1.198198593480713114e+01 5.428681023790647014e-02
2.458310888573912904e+06 1.203610150665873135e+01 5.428681023790647014e-02
2.458310899199999869e+06 1.208997032604542987e+01 5.428681023790647014e-02
2.458310909826086834e+06 1.214319340834352090e+01 5.428681023790647014e-02
2.458310920452173799e+06 1.219548842946317890e+01 5.428681023790647014e-02
2.458310931078260764e+06 1.224666337770247182e+01 5.428681023790648402e-02
2.458310941704347730e+06 1.229659476685191777e+01 5.428681023790647014e-02
2.458310952330434695e+06 1.234521025208203326e+01 5.428681023790647014e-02
2.458310962956521660e+06 1.239247509085216592e+01 5.428681023790647014e-02
2.458310973582608625e+06 1.243838177643257836e+01 5.428681023790648402e-02
2.458310984208695590e+06 1.248294219850303222e+01 5.428681023790647014e-02
2.458310994834782556e+06 1.252618177085575901e+01 5.428681023790647014e-02
2.458311005460869521e+06 1.256813506685636028e+01 5.428681023790647014e-02
2.458311016086956486e+06 1.260884259844524635e+01 5.428681023790647014e-02
2.458311026713043451e+06 1.264834845609323644e+01 5.428681023790647014e-02
2.458311037339130417e+06 1.268669859355559204e+01 5.428681023790647014e-02
2.458311047965216916e+06 1.272393959201948022e+01 5.428681023790647014e-02
2.458311058591303881e+06 1.276011778998452328e+01 5.428681023790647014e-02
2.458311069217390846e+06 1.279527866199286557e+01 5.428681023790647014e-02
2.458311079843477812e+06 1.282946640961358575e+01 5.428681023790647014e-02
2.458311090469564777e+06 1.286272368838055868e+01 5.428681023790648402e-02
2.458311101095651742e+06 1.289509144198975932e+01 5.428681023790647014e-02
2.458311111721738707e+06 1.292660881333927136e+01 5.428681023790647014e-02
2.458311122347825672e+06 1.295731311098995775e+01 5.428681023790647014e-02
2.458311132973912638e+06 1.298723981510863013e+01 5.428681023790647014e-02
2.458311143599999603e+06 1.301642261105432752e+01 5.428681023790648402e-02
2.458311154226086568e+06 1.304489344183304311e+01 5.428681023790647014e-02
2.458311164852173533e+06 1.307268257293894820e+01 5.428681023790647014e-02
2.458311175478260498e+06 1.309981866481583701e+01 5.428681023790647014e-02
2.458311186104347464e+06 1.312632884945650957e+01 5.428681023790647014e-02
2.458311196730434429e+06 1.315223880861850958e+01 5.428681023790647014e-02
2.458311207356521394e+06 1.317757285185282790e+01 5.428681023790647014e-02
2.458311217982608359e+06 1.320235399307837731e+01 5.428681023790648402e-02
2.458311228608695325e+06 1.322660402483432307e+01 5.428681023790647014e-02
2.458311239234782290e+06 1.325034358963876002e+01 5.428681023790647014e-02
2.458311249860869255e+06 1.327359224810116878e+01 5.428681023790647014e-02
2.458311260486956220e+06 1.329636854359665854e+01 5.428681023790647014e-02
2.458311271113043185e+06 1.331869006342682482e+01 5.428681023790647014e-02
2.458311281739130151e+06 1.334057349647577695e+01 5.428681023790647014e-02
2.458311292365217116e+06 1.336203468742894174e+01 5.428681023790647014e-02
2.458311302991304081e+06 1.338308868766280746e+01 5.428681023790647014e-02
2.458311313617391046e+06 1.340374980294044605e+01 5.428681023790647014e-02
2.458311324243478011e+06 1.342403163806417865e+01 5.428681023790647014e-02
2.458311334869564977e+06 1.344394713864563862e+01 5.428681023790647014e-02
2.458311345495651942e+06 1.346350863015700128e+01 5.428681023790647014e-02
2.458311356121738907e+06 1.348272785442654609e+01 5.428681023790647014e-02
2.458311366747825872e+06 1.350161600373852977e+01 5.428681023790647014e-02
2.458311377373912837e+06 1.352018375269201478e+01 5.428681023790647014e-02
2.458311387999999803e+06 1.353844128796686164e+01 5.428681023790647014e-02
2.458311398626086768e+06 1.355639833613786571e+01 5.428681023790647014e-02
2.458311409252173733e+06 1.357406418967023853e+01 5.428681023790647014e-02
2.458311419878260698e+06 1.359144773122189065e+01 5.428681023790647014e-02
2.458311430504347663e+06 1.360855745637008241e+01 5.428681023790647014e-02
2.458311441130434629e+06 1.362540149487243646e+01 5.428681023790647014e-02
2.458311451756521594e+06 1.364198763056489128e+01 5.428681023790647014e-02
2.458311462382608559e+06 1.365832331999208549e+01 5.428681023790647014e-02
2.458311473008695524e+06 1.367441570985902644e+01 5.428681023790647014e-02
2.458311483634782489e+06 1.369027165338650676e+01 5.428681023790647014e-02
2.458311494260869455e+06 1.370589772564679976e+01 5.428681023790647014e-02
2.458311504886956420e+06 1.372130023795063636e+01 5.428681023790647014e-02
2.458311515513043385e+06 1.373648525135121368e+01 5.428681023790648402e-02
2.458311526139130350e+06 1.375145858932623177e+01 5.428681023790647014e-02
2.458311536765217315e+06 1.376622584969436502e+01 5.428681023790647014e-02
2.458311547391304281e+06 1.378079241581852799e+01 5.428681023790647014e-02
2.458311558017391246e+06 1.379516346714432729e+01 5.428681023790647014e-02
2.458311568643478211e+06 1.380934398911863070e+01 5.428681023790647014e-02
2.458311579269564711e+06 1.382333878192050136e+01 5.428681023790647014e-02
2.458311589895651676e+06 1.383715247170659879e+01 5.428681023790647014e-02
2.458311600521738641e+06 1.385078951522811153e+01 5.428681023790647014e-02
2.458311611147825606e+06 1.386425421011716352e+01 5.428681023790647014e-02
2.458311621773912571e+06 1.387755070165460936e+01 5.428681023790647014e-02
2.458311632399999537e+06 1.389068298974339655e+01 5.428681023790647014e-02
2.458311643026086502e+06 1.390365493549661302e+01 5.428681023790647014e-02
2.458311653652173467e+06 1.391647026746480265e+01 5.428681023790647014e-02
2.458311664278260432e+06 1.392913258752535732e+01 5.428681023790647014e-02
2.458311674904347397e+06 1.394164537645520241e+01 5.428681023790647014e-02
2.458311685530434363e+06 1.395401199920648949e+01 5.428681023790648402e-02
2.458311696156521328e+06 1.396623570990363739e+01 5.428681023790647014e-02
2.458311706782608293e+06 1.397831965657883657e+01 5.428681023790647014e-02
2.458311717408695258e+06 1.399026688566185683e+01 5.428681023790647014e-02
2.458311728034782223e+06 1.400208034623902442e+01 5.428681023790647014e-02
2.458311738660869189e+06 1.401376289409515508e+01 5.428681023790647014e-02
2.458311749286956154e+06 1.402531729555132145e+01 5.428681023790647014e-02
2.458311759913043119e+06 1.403674623111048803e+01 5.428681023790647014e-02
2.458311770539130084e+06 1.404805229892220453e+01 5.428681023790647014e-02
2.458311781165217049e+06 1.405923801807685969e+01 5.428681023790647014e-02
2.458311791791304015e+06 1.407030583173928306e+01 5.428681023790647014e-02
2.458311802417390980e+06 1.408125811013082185e+01 5.428681023790647014e-02
2.458311813043477945e+06 1.409209715336851154e+01 5.428681023790647014e-02
2.458311823669564910e+06 1.410282519416929325e+01 5.428681023790647014e-02
2.458311834295651875e+06 1.411344440042683068e+01 5.428681023790647014e-02
2.458311844921738841e+06 1.412395687766793095e+01 5.428681023790647014e-02
2.458311855547825806e+06 1.413436467139517028e+01 5.428681023790647014e-02
2.458311866173912771e+06 1.414466976932189546e+01 5.428681023790647014e-02
2.458311876799999736e+06 1.415487410350541353e+01 5.428681023790647014e-02
2.458311887426086701e+06 1.416497955238379802e+01 5.428681023790647014e-02
2.458311898052173667e+06 1.417498794272142781e+01 5.428681023790647014e-02
2.458311908678260632e+06 1.418490105146807068e+01 5.428681023790647014e-02
2.458311919304347597e+06 1.419472060753600573e+01 5.428681023790647014e-02
2.458311929930434562e+06 1.420444829349944449e+01 5.428681023790647014e-02
2.458311940556521527e+06 1.421408574722024376e+01 5.428681023790647014e-02
2.458311951182608493e+06 1.422363456340367271e+01 5.428681023790647014e-02
2.458311961808695458e+06 1.423309629508776197e+01 5.428681023790647014e-02
2.458311972434782423e+06 1.424247245506958492e+01 5.428681023790647014e-02
2.458311983060869388e+06 1.425176451727161009e+01 5.428681023790647014e-02
2.458311993686956353e+06 1.426097391805108927e+01 5.428681023790647014e-02
2.458312004313043319e+06 1.427010205745528104e+01 5.428681023790647014e-02
2.458312014939130284e+06 1.427915030042515454e+01 5.428681023790647014e-02
2.458312025565217249e+06 1.428811997795004274e+01 5.428681023790647014e-02
2.458312036191304214e+06 1.429701238817565034e+01 5.428681023790647014e-02
2.458312046817391180e+06 1.430582879746756930e+01 5.428681023790647014e-02
2.458312057443478145e+06 1.431457044143248680e+01 5.428681023790647014e-02
2.458312068069565110e+06 1.432323852589899893e+01 5.428681023790647014e-02
2.458312078695652075e+06 1.433183422785997507e+01 5.428681023790647014e-02
2.458312089321739040e+06 1.434035869637821392e+01 5.428681023790647014e-02
2.458312099947826006e+06 1.434881305345709279e+01 5.428681023790647014e-02
2.458312110573912505e+06 1.435719839451184754e+01 5.428681023790647014e-02
2.458312121199999470e+06 1.436551579064174433e+01 5.428681023790648402e-02
2.458312131826086435e+06 1.437376628720025806e+01 5.428681023790647014e-02
2.458312142452173401e+06 1.438195090601368165e+01 5.428681023790647014e-02
2.458312153078260366e+06 1.439007064573014816e+01 5.428681023790647014e-02
2.458312163704347331e+06 1.439812648251103866e+01 5.428681023790647014e-02
2.458312174330434296e+06 1.440611937069697035e+01 5.428681023790647014e-02
2.458312184956521261e+06 1.441405024344947350e+01 5.428681023790648402e-02
2.458312195582608227e+06 1.442192001336940521e+01 5.428681023790648402e-02
2.458312206208695192e+06 1.442972957309310367e+01 5.428681023790647014e-02
2.458312216834782157e+06 1.443747979586721897e+01 5.428681023790647014e-02
2.458312227460869122e+06 1.444517153610314786e+01 5.428681023790647014e-02
2.458312238086956087e+06 1.445280562991188589e+01 5.428681023790647014e-02
2.458312248713043053e+06 1.446038289562016388e+01 5.428681023790647014e-02
2.458312259339130018e+06 1.446790413426862187e+01 5.428681023790647014e-02
2.458312269965216983e+06 1.447537013009273821e+01 5.428681023790647014e-02
2.458312280591303948e+06 1.448278177663654098e+01 5.428681023790647014e-02
2.458312291217390914e+06 1.449013957283271381e+01 5.428681023790648402e-02
2.458312301843477879e+06 1.449744438268264268e+01 5.428681023790648402e-02
2.458312312469564844e+06 1.450469692768923125e+01 5.428681023790647014e-02
2.458312323095651809e+06 1.451189791472023494e+01 5.428681023790647014e-02
2.458312333721738774e+06 1.451904803639958175e+01 5.428681023790647014e-02
2.458312344347825740e+06 1.452614797148577530e+01 5.428681023790648402e-02
2.458312354973912705e+06 1.453319838523787411e+01 5.428681023790648402e-02
2.458312365599999670e+06 1.454019992976952835e+01 5.428681023790647014e-02
